 -0.59546238662952722       0.20045881646176725     
 -0.59545497004367565       0.20045869027678812     
 -0.59545962022818399       0.20046334051456391     
 -0.59546904770069753       0.20047276811031145     
 -0.59548325399801627       0.20048697456791642     
 -0.59550224115383232       0.20050596191979955     
 -0.59552601172518449       0.20052973272613597     
 -0.59555456879978230       0.20055829007557241     
 -0.59558791595703597       0.20059163758386261     
 -0.59562605742899610       0.20062977940052820     
 -0.59566899781636062       0.20067272020709409     
 -0.59571674238399641       0.20072046521530218     
 -0.59576929681692814       0.20077302017068085     
 -0.59582666744706991       0.20083039135315600     
 -0.59588886111740835       0.20089258558196374     
 -0.59595588509081832       0.20095961021149322     
 -0.59602774731890484       0.20103147313423680     
 -0.59610445624661623       0.20110818278614051     
 -0.59618602081154370       0.20118974814513754     
 -0.59627245063166889       0.20127617873544459     
 -0.59636375566178268       0.20136748462774773     
 -0.59645994660210311       0.20146367644097612     
 -0.59656103459350707       0.20156476534703177     
 -0.59666703134803967       0.20167076307086065     
 -0.59677794921255944       0.20178168189530521     
 -0.59689380095342837       0.20189753466250610     
 -0.59701459991878525       0.20201833477443368     
 -0.59714036014047200       0.20214409619890930     
 -0.59727109628047592       0.20227483347585873     
 -0.59740682321707417       0.20241056171525146     
 -0.59754755686089722       0.20255129660221766     
 -0.59769331333478548       0.20269705440236718     
 -0.59784410958914758       0.20284785196333008     
 -0.59799996291999957       0.20300370671889001     
 -0.59816089132906425       0.20316463669101398     
 -0.59832691366249435       0.20333066049953605     
 -0.59849804852029631       0.20350179735805668     
 -0.59867431674059424       0.20367806708928668     
 -0.59885573793549052       0.20385949012711696     
 -0.59904233369126003       0.20404608751428580     
 -0.59923412535324339       0.20423788091453723     
 -0.59943113520084412       0.20443489261048237     
 -0.59963338632477181       0.20463714551515649     
 -0.59984090208074348       0.20484466317519504     
 -0.60005370683362147       0.20505746977639386     
 -0.60027182524726830       0.20527559014978763     
 -0.60049528280813069       0.20549904977558012     
 -0.60072410577559532       0.20572787479254673     
 -0.60095832068180299       0.20596209200144733     
 -0.60119795556316546       0.20620172887607952     
 -0.60144303802011101       0.20644681356687236     
 -0.60169359691625213       0.20669737490236190     
 -0.60194966207393219       0.20695344240500196     
 -0.60221126381897394       0.20721504629889759     
 -0.60247843263409451       0.20748221751000623     
 -0.60275120035712249       0.20775498767471279     
 -0.60302959919615007       0.20803338915071443     
 -0.60331366257704000       0.20831745502605076     
 -0.60360342401472999       0.20860721912604874     
 -0.60389891796742035       0.20890271601794494     
 -0.60420018028200273       0.20920398102664811     
 -0.60450724656738675       0.20951105024058198     
 -0.60482015380773713       0.20982396051752764     
 -0.60513893985300360       0.21014274949967168     
 -0.60546364269147435       0.21046745561881189     
 -0.60579430208685392       0.21079811810858734     
 -0.60613095745420442       0.21113477701329572     
 -0.60647365047391166       0.21147747320035690     
 -0.60682242216086990       0.21182624837068401     
 -0.60717731512175754       0.21218114506395411     
 -0.60753837340850980       0.21254220667963333     
 -0.60790564065608255       0.21290947748340816     
 -0.60827916181522457       0.21328300261288885     
 -0.60865898333651303       0.21366282809717640     
 -0.60904515242356627       0.21404900087233042     
 -0.60943771651737355       0.21444156878828771     
 -0.60983672422723345       0.21484058061886721     
 -0.61024222573274300       0.21524608608085347     
 -0.61065427146298579       0.21565813584704097     
 -0.61107291116578766       0.21607678154474727     
 -0.61149820119851583       0.21650207579618375     
 -0.61193019386526470       0.21693407223684230     
 -0.61236894251539298       0.21737282549755924     
 -0.61281450397682258       0.21781839123592173     
 -0.61326693440196922       0.21827082615675561     
 -0.61372629186873562       0.21873018802279109     
 -0.61419263474368713       0.21919653567170833     
 -0.61466602331852138       0.21966992903311783     
 -0.61514651838482004       0.22015042914727931     
 -0.61563418249632629       0.22063809818285757     
 -0.61612907804453843       0.22113299945122564     
 -0.61663127080045144       0.22163519743002030     
 -0.61714082603213383       0.22214475778517945     
 -0.61765780982410701       0.22266174737860389     
 -0.61818229138304281       0.22318623429681198     
 -0.61871433939637488       0.22371828787213960     
 -0.61925402471362856       0.22425797869853545     
 -0.61980141918528153       0.22480537865660011     
 -0.62035659539976074       0.22536056093087103     
 -0.62091962859063632       0.22592360003633968     
 -0.62149059413123930       0.22649457184220714     
 -0.62206956972798022       0.22707355359404319     
 -0.62265663378478786       0.22766062393939207     
 -0.62325186662433962       0.22825586295151046     
 -0.62385534858036562       0.22885935215003270     
 -0.62446716388455914       0.22947117453217900     
 -0.62508739727360074       0.23009141460694030     
 -0.62571613426877748       0.23072015841352128     
 -0.62635346249559010       0.23135749354862784     
 -0.62699947019579816       0.23200350919344565     
 -0.62765424966878125       0.23265829615074285     
 -0.62831789309615016       0.23332194687886643     
 -0.62899049346775471       0.23399455551001291     
 -0.62967214839681418       0.23467621789255202     
 -0.63036295485424509       0.23536703162697270     
 -0.63106301131211995       0.23606709608676432     
 -0.63177241903235482       0.23677651245697728     
 -0.63249128184973491       0.23749538377856758     
 -0.63321970378727066       0.23822381498078687     
 -0.63395779310996880       0.23896191292229574     
 -0.63470565739262930       0.23970978642894758     
 -0.63546340853998395       0.24046754633235595     
 -0.63623115842698474       0.24123530551267081     
 -0.63700902246978841       0.24201317893840021     
 -0.63779711764109293       0.24280128371450857     
 -0.63859556230605585       0.24359973912109714     
 -0.63940447901464248       0.24440866666494612     
 -0.64022399242909489       0.24522819013553351     
 -0.64105422744551488       0.24605843564347221     
 -0.64189531238370456       0.24689953166554390     
 -0.64274737881713295       0.24775160910479888     
 -0.64361055950088464       0.24861480134079394     
 -0.64448499177589291       0.24948924428687280     
 -0.64537081280180053       0.25037507644213436     
 -0.64626816247537588       0.25127243893527273     
 -0.64717718796322266       0.25218147560350662     
 -0.64809803224271589       0.25310233304100660     
 -0.64903084751266027       0.25403516065658449     
 -0.64997578457852745       0.25498011074563104     
 -0.65093299933188431       0.25593733854372569     
 -0.65190265125070601       0.25690700230388802     
 -0.65288489835522212       0.25788926334526491     
 -0.65387990827143960       0.25888428613006970     
 -0.65488784677448753       0.25989223833982100     
 -0.65590888558087379       0.26091329093594795     
 -0.65694319748438879       0.26194761823495222     
 -0.65799096332819129       0.26299539799379756     
 -0.65905236162142333       0.26405681148135685     
 -0.66012757809979972       0.26513204354658787     
 -0.66121680119915227       0.26622128271160383     
 -0.66232022300368809       0.26732472124866274     
 -0.66343803981989402       0.26844255526560151     
 -0.66457045397842152       0.26957498480363729     
 -0.66571766674113952       0.27072221391162554     
 -0.66687988472968873       0.27188445071843065     
 -0.66805732452641731       0.27306190755795640     
 -0.66925020022985571       0.27425480105976152     
 -0.67045872790250993       0.27546335220470680     
 -0.67168314381121896       0.27668778648646408     
 -0.67292367223373661       0.27792833401193984     
 -0.67418054893967461       0.27918522956365399     
 -0.67545400716020643       0.28045871270696032     
 -0.67674430275170583       0.28174902795226958     
 -0.67805167962647905       0.28305642487730553     
 -0.67937639364125946       0.28438115819996812     
 -0.68071870273247692       0.28572348791992175     
 -0.68207887330769068       0.28708367944566660     
 -0.68345717676445739       0.28846200373681274     
 -0.68485388633614497       0.28985873741645557     
 -0.68626929005473714       0.29127416293183689     
 -0.68770367300346602       0.29270856869291428     
 -0.68915733041791005       0.29416224918863904     
 -0.69063056388096722       0.29563550514917497     
 -0.69212367841572198       0.29712864367720071     
 -0.69363698856113865       0.29864197839465007     
 -0.69517081647606127       0.30017582961027572     
 -0.69672548484578467       0.30173052444529291     
 -0.69830133015491269       0.30330639698822986     
 -0.69989869570164143       0.30490378848076766     
 -0.70151792973943172       0.30652304746086440     
 -0.70315938402312139       0.30816452988322368     
 -0.70482342465018299       0.30982859928525952     
 -0.70651042360308292       0.31151562696570129     
 -0.70822075803782669       0.31322599211134361     
 -0.70995481630000812       0.31496008194941544     
 -0.71171299556840795       0.31671829192031486     
 -0.71349569733713181       0.31850102581511835     
 -0.71530333034164761       0.32030869590595529     
 -0.71713632593509613       0.32214172317924478     
 -0.71899510628362906       0.32400053748400354     
 -0.72088011311109101       0.32588557766208048     
 -0.72279179229637047       0.32779729175111916     
 -0.72473060207383866       0.32973613714352046     
 -0.72669700816901917       0.33170258075388043     
 -0.72869148849162846       0.33369709917564555     
 -0.73071452798180725       0.33572017881734989     
 -0.73276662314439844       0.33777231601272067     
 -0.73484828633790344       0.33985401715482583     
 -0.73696002591258725       0.34196579870062083     
 -0.73910237242214127       0.34410818716881797     
 -0.74127586132779455       0.34628171913981382     
 -0.74348104117056157       0.34848694113795459     
 -0.74571846440587830       0.35072440942783722     
 -0.74798869745725416       0.35299468972943232     
 -0.75029231890984438       0.35529835689470135     
 -0.75262991194076168       0.35763599441409355     
 -0.75500206409371451       0.36000819374909032     
 -0.75740937529525676       0.36241555361027150     
 -0.75985245304060056       0.36485867916370812     
 -0.76233190848100751       0.36733818110018179     
 -0.76484835231084791       0.36985467459008775     
 -0.76740240643658264       0.37240877827579660     
 -0.76999469478854943       0.37500111328677166     
 -0.77262583460675960       0.37763230210761078     
 -0.77529645061923402       0.38030296746501652     
 -0.77800716633981382       0.38301373117885462     
 -0.78075859606034326       0.38576521273211667     
 -0.78355136279399284       0.38855802771922560     
 -0.78638607588855902       0.39139278600404098     
 -0.78926333319227682       0.39427008943497949     
 -0.79218373171654899       0.39719052938754590     
 -0.79514784649091053       0.40015468387137093     
 -0.79815623735529284       0.40316311410654232     
 -0.80120944138490158       0.40621636059222072     
 -0.80430798362431077       0.40931493862040313     
 -0.80745234409384825       0.41245933289684261     
 -0.81064297067468882       0.41564999125661889     
 -0.81388027417124298       0.41888731782763128     
 -0.81716460352957332       0.42217166526882111     
 -0.82049624811814970       0.42550332610050001     
 -0.82387543713927525       0.42888252333835736     
 -0.82730232172431495       0.43230939980088229     
 -0.83077693655765805       0.43578400488312519     
 -0.83429923070022316       0.43930627849795595     
 -0.83786901162406524       0.44287603078549515     
 -0.84148590958390879       0.44649291546622599     
 -0.84514946339072727       0.45015639772326010     
 -0.84885887027304863       0.45386571158435379     
 -0.85261308828647242       0.45761980501104810     
 -0.85641071294554127       0.46141727331058979     
 -0.86024991847604149       0.46525627818178833     
 -0.86412834396513105       0.46913445413009486     
 -0.86804301123317873       0.47304880417565576     
 -0.87199017628756248       0.47699558504941653     
 -0.87596524662971853       0.48097018204695419     
 -0.87996260124848347       0.48496697728985300     
 -0.88397551470578006       0.48897922775744357     
 -0.88799603725777598       0.49299898153867838     
 -0.89201497662223939       0.49701705373190508     
 -0.89602194267591739       0.50102305608884767     
 -0.90000537080100229       0.50500544039582296     
 -0.90395260733284377       0.50895151563955310     
 -0.90784978612835876       0.51284744071241306     
 -0.91168194385847390       0.51667826644600301     
 -0.91543315566295169       0.52042809177800964     
 -0.91908677041200337       0.52408027144391900     
 -0.92262551283936500       0.52761751826362646     
 -0.92603138476165769       0.53102181561871964     
 -0.92928548771969044       0.53427425705557452     
 -0.93236795512838777       0.53735502277286495     
 -0.93525826512485322       0.54024359227515051     
 -0.93793558241933839       0.54291922544737448     
 -0.94037978449732773       0.54536192337212397     
 -0.94257289020536161       0.54755382179056100     
 -0.94450033139559297       0.54948040855457092     
 -0.94615163505556932       0.55113122333421072     
 -0.94752082685853922       0.55250036493613341     
 -0.94860710301835383       0.55358703586023295     
 -0.94941495340641058       0.55439568829111840     
 -0.94995371779694482       0.55493559490810929     
 -0.95023700511871334       0.55522035984154405     
 -0.95028238051913860       0.55526747520695208     
 -0.95011051581027761       0.55509750252758971     
 -0.94974389730287501       0.55473280332007624     
 -0.94920538488636608       0.55419614214856805     
 -0.94851709283208252       0.55350959893902785     
 -0.94769989848297254       0.55269402617822116     
 -0.94677322533286967       0.55176884863297959     
 -0.94575497624836791       0.55075195998369231     
 -0.94466143336753894       0.54965963770814708     
 -0.94350720702978830       0.54850649397031848     
 -0.94230528017987614       0.54730552696776869     
 -0.94106715958721865       0.54606825611160992     
 -0.93980302240651270       0.54480486802612749     
 -0.93852183548608137       0.54352433586954785     
 -0.93723144630206912       0.54223451398009026     
 -0.93593866845803375       0.54094222494881883     
 -0.93464937798391823       0.53965335389568869     
 -0.93336861833729567       0.53837295392281337     
 -0.93210070941823198       0.53710535358606493     
 -0.93084934899457017       0.53585425468126491     
 -0.92961768816818313       0.53462281533239442     
 -0.92840840238301414       0.53341371883489708     
 -0.92722375619989861       0.53222923112421372     
 -0.92606564656341750       0.53107125154706536     
 -0.92493564486053814       0.52994135925559371     
 -0.92383505064240512       0.52884085495270683     
 -0.92276492123154241       0.52777079804523630     
 -0.92172610739815275       0.52673203944788505     
 -0.92071927343538618       0.52572525022484595     
 -0.91974493527725121       0.52475094590476967     
 -0.91880347209649915       0.52380950677313021     
 -0.91789514749785750       0.52290119496638632     
 -0.91702011540759099       0.52202616906828803     
 -0.91617844274705118       0.52118449689250057     
 -0.91537011718084327       0.52037616707040757     
 -0.91459505935636021       0.51960109997360704     
 -0.91385312952637343       0.51885915783137226     
 -0.91314414144523604       0.51815015354866045     
 -0.91246786703318583       0.51747385800466772     
 -0.91182403719475458       0.51683000610643537     
 -0.91121235689312763       0.51621830139941483     
 -0.91063250143044794       0.51563841978907932     
 -0.91008412543245110       0.51509001285279354     
 -0.90956685396828263       0.51457271118254178     
 -0.90908030119252659       0.51408612751612681     
 -0.90862406654762806       0.51362985947258788     
 -0.90819773213936583       0.51320349262117160     
 -0.90780087673773757       0.51280660314329929     
 -0.90743306787254330       0.51243876015734569     
 -0.90709387126211460       0.51209952776939949     
 -0.90678284407614840       0.51178846661435795     
 -0.90649955162884710       0.51150513408211951     
 -0.90624353714834904       0.51124908462467566     
 -0.90601435716241085       0.51101986880157546     
 -0.90581155558553006       0.51081703085555930     
 -0.90563466857188646       0.51064010677600025     
 -0.90548322332855113       0.51048862160031638     
 -0.90535672895236941       0.51036208728396837     
 -0.90525468446137758       0.51026000086176271     
 -0.90517656987520057       0.51018184311630144     
 -0.90512184928319073       0.51012707802125412     
 -0.90508996946955667       0.51009515207777378     
 -0.90508035940334652       0.51008549371728651     
 -0.90509242839737825       0.51009751303671658     
 -0.90512556805830668       0.51013060146587641     
 -0.90517915079226741       0.51018413126665652     
 -0.90525252988189964       0.51025745582155790     
 -0.90534504097616642       0.51034991061019686     
 -0.90545600267976556       0.51046081479886529     
 -0.90558471989422173       0.51058947388887499     
 -0.90573048800854494       0.51073518333276213     
 -0.90589259654894172       0.51089723252580854     
 -0.90607033145409410       0.51107490855281723     
 -0.90626298177253928       0.51126749988328590     
 -0.90646984025369126       0.51147429979113723     
 -0.90669020725166816       0.51169460971143910     
 -0.90692339709224379       0.51192774300645194     
 -0.90716873717732582       0.51217302803098463     
 -0.90742557224405795       0.51242980997724996     
 -0.90769326575658449       0.51269745099433894     
 -0.90797119330842557       0.51297532783865329     
 -0.90825874384605521       0.51326282810031443     
 -0.90855531330131756       0.51355934623638622     
 -0.90886029708360783       0.51386427965564019     
 -0.90917309526988721       0.51417702645146746     
 -0.90949310489132262       0.51449698474762129     
 -0.90981972447646786       0.51482355308742855     
 -0.91015235220893409       0.51515613171266494     
 -0.91049039586273450       0.51549412480872758     
 -0.91083326150363131       0.51583694260854496     
 -0.91118037123179596       0.51618400360361383     
 -0.91153115225486514       0.51653473665380301     
 -0.91188504465111730       0.51688858191681097     
 -0.91224149891315975       0.51724499143775504     
 -0.91259997978177299       0.51760342891838118     
 -0.91295996395649404       0.51796336836068380     
 -0.91332093063951725       0.51832429043741868     
 -0.91368236160934724       0.51868567717063574     
 -0.91404373562808172       0.51904700611760146     
 -0.91440452015551132       0.51940774490530417     
 -0.91476416972041874       0.51976734723425255     
 -0.91512212216725031       0.52012525083466465     
 -0.91547779903040272       0.52048087753627958     
 -0.91583060727096155       0.52083363583895359     
 -0.91617994789188795       0.52118292686841805     
 -0.91652522311610274       0.52152815415773957     
 -0.91686585083050565       0.52186873610072049     
 -0.91720127428994558       0.52220411701257907     
 -0.91753096911525567       0.52253377146224067     
 -0.91785443718349069       0.52285719976446710     
 -0.91817119389074331       0.52317391814268133     
 -0.91848076386788202       0.52348345060750123     
 -0.91878267797730340       0.52378532677837863     
 -0.91907647335771880       0.52407908494969857     
 -0.91936170098588421       0.52436427833701127     
 -0.91963793752087319       0.52464048344237313     
 -0.91990479168164452       0.52490730878390157     
 -0.92016190912984475       0.52516440173973145     
 -0.92040898142789840       0.52541145261527988     
 -0.92064574252215126       0.52564819504147975     
 -0.92087196177339936       0.52587440258255691     
 -0.92108745598331654       0.52608988584865835     
 -0.92129206939574715       0.52629448912846732     
 -0.92148567321557040       0.52648808488149546     
 -0.92166816372092375       0.52667056842451909     
 -0.92183945125876199       0.52684185145483187     
 -0.92199946192361593       0.52700185642710029     
 -0.92214812228414800       0.52715051254455014     
 -0.92228536818052786       0.52728775458146049     
 -0.92241114076558661       0.52741352509503148     
 -0.92252539440518699       0.52752777809779516     
 -0.92262810008748086       0.52763048411579694     
 -0.92271924810321837       0.52772163525059368     
 -0.92279885642384174       0.52780124966182829     
 -0.92286697288926667       0.52786937440805626     
 -0.92292367342209147       0.52792608502976424     
 -0.92296905951599761       0.52797148215051903     
 -0.92300325065988864       0.52800568638376133     
 -0.92302638422781835       0.52802883360008845     
 -0.92303860680996153       0.52804107125706135     
 -0.92304007579504643       0.52804255588730742     
 -0.92303095600157181       0.52803345195104534     
 -0.92301141788190122       0.52801393046927148     
 -0.92298163749734141       0.52798416749854260     
 -0.92294179534244603       0.52794434261142731     
 -0.92289207273825036       0.52789463668367742     
 -0.92283264919891850       0.52783522907351454     
 -0.92276369867147634       0.52776629501130756     
 -0.92268539234193325       0.52768800494807122     
 -0.92259789761168332       0.52760052571782490     
 -0.92250137853726033       0.52750402280204090     
 -0.92239600314350056       0.52739866412176151     
 -0.92228194508122807       0.52728462366514994     
 -0.92215938705243461       0.52716208385517183     
 -0.92202852083396181       0.52703123607872471     
 -0.92188954467984829       0.52689227899426883     
 -0.92174266193504972       0.52674541498876593     
 -0.92158807473015159       0.52659084594810379     
 -0.92142598059886249       0.52642876917938508     
 -0.92125656867490413       0.52625937398704759     
 -0.92108001899967706       0.52608283925240484     
 -0.92089649690860298       0.52589933135225797     
 -0.92070615583925230       0.52570900399838660     
 -0.92050913836541604       0.52551199928785564     
 -0.92030557647557520       0.52530844937804888     
 -0.92009559526132578       0.52509847943208776     
 -0.91987931551832225       0.52488221114820210     
 -0.91965685926326479       0.52465976648441570     
 -0.91942835153900049       0.52443127152629576     
 -0.91919392714438763       0.52419686047305625     
 -0.91895373148862469       0.52395667928188583     
 -0.91870792527235845       0.52371088927877441     
 -0.91845668816823234       0.52345966950036427     
 -0.91820021711491728       0.52320321745938958     
 -0.91793872818101974       0.52294174896454237     
 -0.91767245405955400       0.52267549667104152     
 -0.91740164258192591       0.52240470859772847     
 -0.91712655704171575       0.52212964779525906     
 -0.91684747604021222       0.52185059376158682     
 -0.91656469922376149       0.52156784537415135     
 -0.91627854820556343       0.52128172573532228     
 -0.91598937573050898       0.52099258772098966     
 -0.91569756952522929       0.52070081869198681     
 -0.91540355382563054       0.52040684420013383     
 -0.91510779458159530       0.52011112843569374     
 -0.91481079144719368       0.51981417075760505     
 -0.91451307115418601       0.51951649791686838     
 -0.91421517617519765       0.51921865071116335     
 -0.91391764648213492       0.51892116648232578     
 -0.91362099859115864       0.51862456045197336     
 -0.91332570843608274       0.51832930811314504     
 -0.91303219909185340       0.51803583104327755     
 -0.91274082948790469       0.51774448848225407     
 -0.91245189343282995       0.51745557444791523     
 -0.91216562087717934       0.51716931841960800     
 -0.91188217811927985       0.51688588694439885     
 -0.91160166904466511       0.51660538361632180     
 -0.91132413244380928       0.51632784731163217     
 -0.91104954155357865       0.51605324987960988     
 -0.91077779964330929       0.51578149781536309     
 -0.91050875225707284       0.51551243611908959     
 -0.91024218934085055       0.51524585416421065     
 -0.90997785137620613       0.51498149433059837     
 -0.90971544152754080       0.51471906018416924     
 -0.90945463195045773       0.51445822449677514     
 -0.90919507053610105       0.51419863456908133     
 -0.90893638143394284       0.51393991490416646     
 -0.90867816672071744       0.51368166845702978     
 -0.90842000817938695       0.51342347620038531     
 -0.90816146352013660       0.51316489530867138     
 -0.90790206332253587       0.51290545621561756     
 -0.90764130892712547       0.51264466183949142     
 -0.90737868230104335       0.51238199372136495     
 -0.90711365519050435       0.51211692684118959     
 -0.90684571524111934       0.51184894978881890     
 -0.90657438154459635       0.51157758284102739     
 -0.90629921493499366       0.51130238473307699     
 -0.90601980593173193       0.51102294610300214     
 -0.90573576449477633       0.51073887536303708     
 -0.90544670257754845       0.51044978211693370     
 -0.90515221587096883       0.51015526152682855     
 -0.90485187243129883       0.50985488153623115     
 -0.90454520612361766       0.50954817573935707     
 -0.90423171475338371       0.50923464414789010     
 -0.90391087360368694       0.50891376299879243     
 -0.90358215568109079       0.50858500630940784     
 -0.90324506352453349       0.50824788258652165     
 -0.90289918480139586       0.50790198494512906     
 -0.90254425360833790       0.50754705193207705     
 -0.90218021051778641       0.50718302792540804     
 -0.90180724442149807       0.50681010425425066     
 -0.90142580684203777       0.50642872851480325     
 -0.90103658453934288       0.50603958562363538     
 -0.90064046259719110       0.50564355299603703     
 -0.90023844304398348       0.50524162407029549     
 -0.89983155152984351       0.50483481935778385     
 -0.89942077035593260       0.50442411790377917     
 -0.89900700001904110       0.50401041909135280     
 -0.89859104286604929       0.50359452451989950     
 -0.89817359367541050       0.50317712816774385     
 -0.89775523246382916       0.50275881024437041     
 -0.89733642387534374       0.50234003646627379     
 -0.89691752868354369       0.50192116926573094     
 -0.89649883081094328       0.50150249588452256     
 -0.89608056894446375       0.50108425827939596     
 -0.89566295438373911       0.50066666323382192     
 -0.89524615171242616       0.50024987689297640     
 -0.89483028510103946       0.49983402212866235     
 -0.89441544042726506       0.49941919026336568     
 -0.89400171112213589       0.49900546364676640     
 -0.89358919128264636       0.49859295024810896     
 -0.89317803030938259       0.49818179804200108     
 -0.89276839832806987       0.49777217500586318     
 -0.89236046197421692       0.49736424658973677     
 -0.89195437059005744       0.49695816269503462     
 -0.89155026205425225       0.49655406333419877     
 -0.89114828595543005       0.49615210051896058     
 -0.89074862868322746       0.49575246097052317     
 -0.89035151435964510       0.49535536544291658     
 -0.88995716581522866       0.49496103129691088     
 -0.88956574314909265       0.49456961458022763     
 -0.88917729790404343       0.49418116644056770     
 -0.88879176709276220       0.49379562626265178     
 -0.88840899743483959       0.49341284282936193     
 -0.88802876669923680       0.49303259337118238     
 -0.88765077783988489       0.49265457836975685     
 -0.88727463092619019       0.49227839470470930     
 -0.88689978457553809       0.49190349675991912     
 -0.88652550703731781       0.49152914856652041     
 -0.88615083091065394       0.49115438210288687     
 -0.88577455125545501       0.49077799901501101     
 -0.88539530226051821       0.49039864477802675     
 -0.88501167999329500       0.49001492178025630     
 -0.88462231474487685       0.48962545893953241     
 -0.88422586471540010       0.48922891241724570     
 -0.88382099598549535       0.48882394815015695     
 -0.88340637768756525       0.48840923369654449     
 -0.88298066350065407       0.48798341865279077     
 -0.88254244609917798       0.48754509023363679     
 -0.88209019619174034       0.48709271402250842     
 -0.88162220537459002       0.48662457868924369     
 -0.88113655723399620       0.48613877036742731     
 -0.88063115432393124       0.48563319572503938     
 -0.88010375504790306       0.48510560954445231     
 -0.87955194144606574       0.48455358945025007     
 -0.87897307829130056       0.48397450083015053     
 -0.87836431384603042       0.48336548831241077     
 -0.87772254513712833       0.48272344197100286     
 -0.87704436091228943       0.48204495516318935     
 -0.87632611659687931       0.48132641120502589     
 -0.87556427110176416       0.48056431983789855     
 -0.87475596724351734       0.47975587437278178     
 -0.87389959131812678       0.47889947616958095     
 -0.87299494985417958       0.47799490475440704     
 -0.87204299207985347       0.47704306662259904     
 -0.87104534639820663       0.47604555731154502     
 -0.87000393839993340       0.47500427882376023     
 -0.86892070403510568       0.47392114607021574     
 -0.86779734896961558       0.47279785343419878     
 -0.86663520315228837       0.47163572658434588     
 -0.86543517695690797       0.47043568998743485     
 -0.86419793356593044       0.46919844801872190     
 -0.86292433260010715       0.46792489853206187     
 -0.86161583622890492       0.46661650780026881     
 -0.86027455983690881       0.46527536813351289     
 -0.85890301643769051       0.46390396276653828     
 -0.85750378341934563       0.46250485171894645     
 -0.85607930057912851       0.46108047436678024     
 -0.85463184629492717       0.45963311202433937     
 -0.85316355792874521       0.45816489871083810     
 -0.85167639281010177       0.45667778481183935     
 -0.85017204558185622       0.45517345754033739     
 -0.84865186464258424       0.45365326347612589     
 -0.84711683679080052       0.45211819940716713     
 -0.84556769778512808       0.45056901785178854     
 -0.84400511604128703       0.44900640053264440     
 -0.84242984301676793       0.44743110481331777     
 -0.84084277839734989       0.44584402782621430     
 -0.83924494112857650       0.44424618061371612     
 -0.83763737997517262       0.44263860279975892     
 -0.83602106591172765       0.44102225638101794     
 -0.83439679527778354       0.43939793635224711     
 -0.83276517884452328       0.43776626346497577     
 -0.83112674842633671       0.43612778179726269     
 -0.82948209031231823       0.43448308343014547     
 -0.82783191260165556       0.43283287619281935     
 -0.82617704386363044       0.43117798555430814     
 -0.82451839548970807       0.42951931775582086     
 -0.82285690314885140       0.42785780395189427     
 -0.82119347788734309       0.42619435487599283     
 -0.81952899884750796       0.42452985122279652     
 -0.81786433061567798       0.42286516056644424     
 -0.81620036220170633       0.42120117924894607     
 -0.81453808826995244       0.41953890913193376     
 -0.81287868116807493       0.41787952010149892     
 -0.81122346415450153       0.41622432635713746     
 -0.80957381473846401       0.41457469938528979     
 -0.80793108909021916       0.41293199083156351     
 -0.80629656496904778       0.41129747417302975     
 -0.80467139522458497       0.40967230209662175     
 -0.80305659665009921       0.40805749009111913     
 -0.80145303246831079       0.40645389866808640     
 -0.79986138690669117       0.40486221395799360     
 -0.79828218343354462       0.40328296321267776     
 -0.79671582074297009       0.40171654439938420     
 -0.79516256767700177       0.40016322397047144     
 -0.79362254076946526       0.39862311920250731     
 -0.79209571216720631       0.39709620547283503     
 -0.79058194596944953       0.39558235070329018     
 -0.78908104300424997       0.39408135930336602     
 -0.78759278147330136       0.39259301106054151     
 -0.78611693304694996       0.39111707509105742     
 -0.78465323639254958       0.38965328620283823     
 -0.78320135823624015       0.38820131083090370     
 -0.78176089048926756       0.38676074405603372     
 -0.78033138583568196       0.38533114255962087     
 -0.77891240312464027       0.38391206745641976     
 -0.77750353576534681       0.38250311307157908     
 -0.77610442709247840       0.38110392474212146     
 -0.77471479368940144       0.37971422088402457     
 -0.77333444650331062       0.37833381236224095     
 -0.77196328982328632       0.37696260037816343     
 -0.77060128532518468       0.37560054069385918     
 -0.76924838864745593       0.37424758515421291     
 -0.76790451016171846       0.37290364643621066     
 -0.76656953862017363       0.37156861792019397     
 -0.76524338862359942       0.37024241465368990     
 -0.76392600641523101       0.36892497899722027     
 -0.76261732634600243       0.36761623941453730     
 -0.76131720381807322       0.36631604612195767     
 -0.76002535881534428       0.36502411853192734     
 -0.75874137295797894       0.36374004466528936     
 -0.75746476652675709       0.36246335746261027     
 -0.75619514302099411       0.36119367281471326     
 -0.75493232583183123       0.35993081667241400     
 -0.75367638948578353       0.35867485603280114     
 -0.75242758100999863       0.35742602819091612     
 -0.75118621190966273       0.35618463814970347     
 -0.74995258290111855       0.35495098399548825     
 -0.74872695201274786       0.35372532358376835     
 -0.74750953211855431       0.35250787100600656     
 -0.74630050355901489       0.35129880765024507     
 -0.74510002571111811       0.35009829353910382     
 -0.74390824597630656       0.34890647819265291     
 -0.74272532365916100       0.34772352466864359     
 -0.74155146872500965       0.34654964523017623     
 -0.74038696447083507       0.34538512211160349     
 -0.73923215631764072       0.34423029896264618     
 -0.73808743131592214       0.34308556205931778     
 -0.73695320278432563       0.34195132165743547     
 -0.73582987057558047       0.34082797139952747     
 -0.73471775025818575       0.33971582171954778     
 -0.73361701316420003       0.33861504249359742     
 -0.73252766659365665       0.33752564232182336     
 -0.73144956810644768       0.33644748201463132     
 -0.73038246518318262       0.33538031445389077     
 -0.72932605896026559       0.33432384698990386     
 -0.72828007524962790       0.33327780924050504     
 -0.72724430931593653       0.33224199674657756     
 -0.72621863402166509       0.33121628197460418     
 -0.72520299659763787       0.33020061146548868     
 -0.72419740853268111       0.32919499382868783     
 -0.72320191389024402       0.32819946974427938     
 -0.72221655128241302       0.32721407582613449     
 -0.72124132930640805       0.32623881980795311     
 -0.72027621627183602       0.32527367046470629     
 -0.71932114557583016       0.32431856291588312     
 -0.71837603378298709       0.32337341501533340     
 -0.71744079559731988       0.32243814212196481     
 -0.71651535259002874       0.32151266658631672     
 -0.71559964108670804       0.32059692471661000     
 -0.71469361111834051       0.31969086522508922     
 -0.71379721214670999       0.31879443622646242     
 -0.71291037863718565       0.31790757214695903     
 -0.71203302996058426       0.31703019369365071     
 -0.71116508553585422       0.31616222190233789     
 -0.71030648339230840       0.31530359556574389     
 -0.70945718963711424       0.31445428048142421     
 -0.70861719605758955       0.31361426773118939     
 -0.70778651307092000       0.31278356749509673     
 -0.70696516701922485       0.31196220631721516     
 -0.70615320125237013       0.31115022712718071     
 -0.70535067039582378       0.31034768314466638     
 -0.70455762377908393       0.30955462174430942     
 -0.70377408585204759       0.30877106690243872     
 -0.70300005045476399       0.30799701335595669     
 -0.70223548976381733       0.30723243411612527     
 -0.70148036401616531       0.30647728979700528     
 -0.70073462799860486       0.30573153639629613     
 -0.69999824414776868       0.30499513732742456     
 -0.69927119162940021       0.30426807068366746     
 -0.69855345532005431       0.30355031972273244     
 -0.69784500850863296       0.30284185736459351     
 -0.69714580762973088       0.30214264043615402     
 -0.69645579565184579       0.30145261204699042     
 -0.69577490350131366       0.30077170275671428     
 -0.69510304621314500       0.30009982708992894     
 -0.69444011746414447       0.29943687850419498     
 -0.69378598718545648       0.29878272712647719     
 -0.69314050374580516       0.29813722178315188     
 -0.69250349922570231       0.29750019516708731     
 -0.69187479646245131       0.29687147073911513     
 -0.69125421693441280       0.29625087071789641     
 -0.69064158934481612       0.29563822445157517     
 -0.69003675736878978       0.29503337611130237     
 -0.68943958573501429       0.29443619071103505     
 -0.68884996378280661       0.29384655769541079     
 -0.68826780611040028       0.29326439119893832     
 -0.68769304866183234       0.29268962661313580     
 -0.68712564194814496       0.29212221363502505     
 -0.68656554175687234       0.29156210731890597     
 -0.68601270101328371       0.29100926017904821     
 -0.68546706554820813       0.29046361817123972     
 -0.68492857615945457       0.28992512283961169     
 -0.68439717763299657       0.28939372009527420     
 -0.68387283184803838       0.28886937285885383     
 -0.68335552990800463       0.28835207291030496     
 -0.68284529998621590       0.28784184865425366     
 -0.68234220969414028       0.28733876736511121     
 -0.68184636189237435       0.28684293102613417     
 -0.68135788480556192       0.28635446693035943     
 -0.68087692183902038       0.28587351805661126     
 -0.68040362643454622       0.28540023757954486     
 -0.67993815800338975       0.28493478385845139     
 -0.67948066993310774       0.28447730869856719     
 -0.67903129233523063       0.28402794132715897     
 -0.67859012199182633       0.28358677885597933     
 -0.67815722552243629       0.28315388905683075     
 -0.67773265196890686       0.28272932228356507     
 -0.67731644729816687       0.28231312535147413     
 -0.67690866370634595       0.28190535047995491     
 -0.67650935978991933       0.28150605561845615     
 -0.67611859332027402       0.28111529778114963     
 -0.67573641268679074       0.28073312498033670     
 -0.67536285240652938       0.28035957183329507     
 -0.67499793389531493       0.27999466010647722     
 -0.67464166911687740       0.27963840208912666     
 -0.67429406407278492       0.27929080394294858     
 -0.67395512050222861       0.27895186739582722     
 -0.67362483568935527       0.27862158961273154     
 -0.67330320108183628       0.27829996187942263     
 -0.67299020042755808       0.27798696775281978     
 -0.67268580759769403       0.27768258086927472     
 -0.67238998397702998       0.27738676235939852     
 -0.67210267569776072       0.27709945815118847     
 -0.67182381145908499       0.27682059684712301     
 -0.67155330158894533       0.27655008880957266     
 -0.67129103867303985       0.27628782680743141     
 -0.67103689995432880       0.27603368841456954     
 -0.67079075144089273       0.27578754005988554     
 -0.67055245315553025       0.27554924225930733     
 -0.67032186546266082       0.27531865607396011     
 -0.67009885772878641       0.27509565183119211     
 -0.66988331962440029       0.27488012014840507     
 -0.66967517197082393       0.27467198237555779     
 -0.66947437279927346       0.27447119650515550     
 -0.66928091693905234       0.27427775689512540     
 -0.66909483056380215       0.27409168901465553     
 -0.66891616289654343       0.27391304121984789     
 -0.66874497595471072       0.27374187447226317     
 -0.66858133230447703       0.27357825021406929     
 -0.66842528229851261       0.27342221792664845     
 -0.66827685421889038       0.27327380551942609     
 -0.66813604997665488       0.27313301502300746     
 -0.66800284641021257       0.27299982374861148     
 -0.66787720070827306       0.27287418958784582     
 -0.66775905847941663       0.27275605895526817     
 -0.66764836287205542       0.27264537569265818     
 -0.66754506224468901       0.27254208846340311     
 -0.66744911335046797       0.27244615376464132     
 -0.66736047821766598       0.27235753289063747     
 -0.66727911571266085       0.27227618381573093     
 -0.66720497135000423       0.27220205137409270     
 -0.66713796948582116       0.27213505968451596     
 -0.66707801112483323       0.27207510947711128     
 -0.66702497474603040       0.27202208098444847     
 -0.66697872758814380       0.27197584191436741     
 -0.66693913518582137       0.27193625887188494     
 -0.66690607418748704       0.27190320933993795     
 -0.66687944187966175       0.27187659098640149     
 -0.66685916046200555       0.27185632592152614     
 -0.66684517584887204       0.27184235965286158     
 -0.66683745279390416       0.27183465646340549     
 -0.66683596934253886       0.27183319414718055     
 -0.66684071389202282       0.27183796126305398     
 -0.66685168702944508       0.27184895895069716     
 -0.66686890782637065       0.27186620695921010     
 -0.66689242151168915       0.27188975093071860     
 -0.66692230412148479       0.27191966678178869     
 -0.66695866115874458       0.27195605943528867     
 -0.66700162102284233       0.27199905660473211     
 -0.66705132697208380       0.27204880105618817     
 -0.66710793086328002       0.27210544437164075     
 -0.66717158922072906       0.27216914296980954     
 -0.66724246143403299       0.27224005639259036     
 -0.66732071077743427       0.27231834817989475     
 -0.66740650621494091       0.27240418701218522     
 -0.66750001794535418       0.27249774170589441     
 -0.66760140111532451       0.27259916521430277     
 -0.66771077083539809       0.27270857053180469     
 -0.66782817880367285       0.27282600747782898     
 -0.66795359670734378       0.27295144915430047     
 -0.66808692171890993       0.27308479368304733     
 -0.66822799214672357       0.27322588197575881     
 -0.66837661745028132       0.27337452616677538     
 -0.66853260836004369       0.27353053877319428     
 -0.66869579709250315       0.27369375246771888     
 -0.66886604280869011       0.27386402581708502     
 -0.66904322519594706       0.27404123744749298     
 -0.66922723253346883       0.27422527455955742     
 -0.66941794952559597       0.27441602110313518     
 -0.66961524889788104       0.27461334964591583     
 -0.66981898964554232       0.27481711963057270     
 -0.67002902205163850       0.27502718220639250     
 -0.67024519755578160       0.27524338996512793     
 -0.67046738151570262       0.27546560939401238     
 -0.67069546544173764       0.27569373281081094     
 -0.67092937588429391       0.27592768741377299     
 -0.67116908127082209       0.27616744218809847     
 -0.67141459709152063       0.27641301271140539     
 -0.67166598590274684       0.27666446103186776     
 -0.67192335112706658       0.27692188987460031     
 -0.67218682868722934       0.27718543452861721     
 -0.67245657978075524       0.27745525458283232     
 -0.67273277734018389       0.27773152312662869     
 -0.67301559466412131       0.27801441096684493     
 -0.67330518251607874       0.27830406723738049     
 -0.67360165097356439       0.27860060087607724     
 -0.67390505587760552       0.27890406711479754     
 -0.67421539140481224       0.27921445996907351     
 -0.67453258794108717       0.27953171003425403     
 -0.67485651423961057       0.27985568658000343     
 -0.67518698368037100       0.28018620420001972     
 -0.67552376863136598       0.28052303754842700     
 -0.67586662612458870       0.28086594648222146     
 -0.67621532930985973       0.28121470667644377     
 -0.67656969620615215       0.28156913821803653     
 -0.67692961319545430       0.28192912891321836     
 -0.67729505011965430       0.28229464841983470     
 -0.67766605745800024       0.28266574513042991     
 -0.67804274275194720       0.28304252352125175     
 -0.67842523540852595       0.28342510981813523     
 -0.67881365002945648       0.28381361604821154     
 -0.67920805692591735       0.28420811123241990     
 -0.67960846693278598       0.28460860618008338     
 -0.68001483457055278       0.28501505224957963     
 -0.68042705081425148       0.28542734979278989     
 -0.68084498555934669       0.28584536727053550     
 -0.68126849949463431       0.28626896685641701     
 -0.68169746336081505       0.28669801815483570     
 -0.68213174575637059       0.28713238702713445     
 -0.68257118349849755       0.28757190822931489     
 -0.68301555825545057       0.28801636294615252     
 -0.68346459002194315       0.28846547174599269     
 -0.68391794325492772       0.28891890036072698     
 -0.68437524170737907       0.28937627443041264     
 -0.68483608966824427       0.28983719975432320     
 -0.68530008842769474       0.29030127724303562     
 -0.68576683374106540       0.29076810117923269     
 -0.68623590426302949       0.29123725100735337     
 -0.68670687498702798       0.29170830625067184     
 -0.68717936939048785       0.29218089553419119     
 -0.68765311568364262       0.29265474758815774     
 -0.68812795178504205       0.29312969432553720     
 -0.68860375893601522       0.29360560733820429     
 -0.68908035316816141       0.29408229284030213     
 -0.68955737369516590       0.29455938249033775     
 -0.69003419986859660       0.29503625398609656     
 -0.69050993749802314       0.29551202043596203     
 -0.69098350385248064       0.29598561269596085     
 -0.69145378109444877       0.29645592572305179     
 -0.69191976204697270       0.29692196061464154     
 -0.69238064054844917       0.29738291004820377     
 -0.69283582289274048       0.29783817834242832     
 -0.69328490386289265       0.29828735625053737     
 -0.69372762828735957       0.29873018703809739     
 -0.69416387741997621       0.29916655039678919     
 -0.69459365877562196       0.29959645077263253     
 -0.69501708605191737       0.30002000070379137     
 -0.69543437382142914       0.30043741382531602     
 -0.69584582761755254       0.30084899041884067     
 -0.69625178820751976       0.30125506438483296     
 -0.69665255860611652       0.30165593672639113     
 -0.69704838136024527       0.30205185454052746     
 -0.69743948615630758       0.30244305479110872     
 -0.69782616761058780       0.30282983699920668     
 -0.69820883575160064       0.30321261019735846     
 -0.69858800003282029       0.30359187750818256     
 -0.69896419642093077       0.30396816978749230     
 -0.69933792724742649       0.30434199113560328     
 -0.69970967021797759       0.30471382436780081     
 -0.70007992503302086       0.30508417256114556     
 -0.70044924654180507       0.30545359165517461     
 -0.70081824687286853       0.30582268904223581     
 -0.70118753850193138       0.30619206994069781     
 -0.70155766031417222       0.30656227458903401     
 -0.70192908722175751       0.30693378362359081     
 -0.70230228016731189       0.30730705471746017     
 -0.70267765113521097       0.30768249100402595     
 -0.70305547487566711       0.30806036669318287     
 -0.70343588335441265       0.30844082342290180     
 -0.70381896316507553       0.30882395602694834     
 -0.70420484003049910       0.30920988954143025     
 -0.70459367406924045       0.30959877984588891     
 -0.70498561253910907       0.30999077099441846     
 -0.70538074913993676       0.31038595377964984     
 -0.70577909295757046       0.31078433728863919     
 -0.70618057143443458       0.31118585349604277     
 -0.70658507969890039       0.31159040211782763     
 -0.70699253141112417       0.31199789433333502     
 -0.70740284276901577       0.31240824343354912     
 -0.70781587725009854       0.31282130059984270     
 -0.70823134832029533       0.31323678393315085     
 -0.70864881882198760       0.31365425638708810     
 -0.70906772953695718       0.31407316648297140     
 -0.70948749207017503       0.31449293551907903     
 -0.70990759632055755       0.31491305866406721     
 -0.71032767088556181       0.31533316356302737     
 -0.71074747961247919       0.31575301306994058     
 -0.71116691525452891       0.31617250322114709     
 -0.71158603282031818       0.31659169230253109     
 -0.71200508235956406       0.31701082865679836     
 -0.71242449120992313       0.31743033407248489     
 -0.71284480219925161       0.31785074419365411     
 -0.71326659010051863       0.31827262573930398     
 -0.71369037219979758       0.31869649180837661     
 -0.71411656767443044       0.31912276784617366     
 -0.71454556561388538       0.31955185401375535     
 -0.71497783951788441       0.31998422607924676     
 -0.71541397206326396       0.32042045863043767     
 -0.71585457214024806       0.32086115271848703     
 -0.71630018651512573       0.32130685211993248     
 -0.71675126072817874       0.32175800236122309     
 -0.71720813904757585       0.32221495142435008     
 -0.71767110599292838       0.32267799027488525     
 -0.71814045401262905       0.32314741526924817     
 -0.71861652461653225       0.32362356724328784     
 -0.71909970147154012       0.32410682756931058     
 -0.71959038285033672       0.32459759285426520     
 -0.72008896207093376       0.32509625850205426     
 -0.72059585018972461       0.32560324341997759     
 -0.72111155456453979       0.32611906217858683     
 -0.72163674791974664       0.32664438673350921     
 -0.72217225037989796       0.32718002780838390     
 -0.72271891929050625       0.32772683214683718     
 -0.72327752996835848       0.32828557331389824     
 -0.72384874988703884       0.32885692540836803     
 -0.72443320198451999       0.32944151704584701     
 -0.72503152385388314       0.33003998572428012     
 -0.72564436299378265       0.33065297198769478     
 -0.72627229748853039       0.33128104416223014     
 -0.72691572897129753       0.33192459898938398     
 -0.72757482293379250       0.33258380180355607     
 -0.72824950176817771       0.33325857651057350     
 -0.72893946299607248       0.33394862373051099     
 -0.72964421241771138       0.33465344993393137     
 -0.73036307065697459       0.33537237093864719     
 -0.73109512974118762       0.33610447600991900     
 -0.73183923459487477       0.33684861634423835     
 -0.73259405746547179       0.33760347452509221     
 -0.73335821847664029       0.33836767762622466     
 -0.73413037308780149       0.33913988250537724     
 -0.73490923704186872       0.33991880093111521     
 -0.73569354998299152       0.34070316475378909     
 -0.73648200763339466       0.34149166954621535     
 -0.73727328762546374       0.34228301212538803     
 -0.73806626221605720       0.34307608429715236     
 -0.73886021469135432       0.34387017351590204     
 -0.73965491556295626       0.34466505563234989     
 -0.74045067529784203       0.34546103941851747     
 -0.74124830513460882       0.34625891433523542     
 -0.74204887776211925       0.34705972822868186     
 -0.74285344042970503       0.34786451164831900     
 -0.74366281063813688       0.34867407317792759     
 -0.74447747274670129       0.34948889915709702     
 -0.74529759826030595       0.35030916907007248     
 -0.74612311917005503       0.35113481192934320     
 -0.74695371010159350       0.35196550172508528     
 -0.74778880419360905       0.35280069131098502     
 -0.74862780128438799       0.35363979756911385     
 -0.74947025884071705       0.35448237925333548     
 -0.75031588040826502       0.35532812226091764     
 -0.75116434481248118       0.35617669817831660     
 -0.75201522034550006       0.35702767858964551     
 -0.75286797801163474       0.35788053123798613     
 -0.75372194713163432       0.35873457230707556     
 -0.75457617289709600       0.35958883593986612     
 -0.75542930607139025       0.36044198085977691     
 -0.75627970755333218       0.36129240096131038     
